%YAML:1.0
calibration_time: "Thu Oct  4 20:00:46 2012"
image_width: 640
image_height: 480
board_width: 6
board_height: 8
square_size: 2.5000000372529030e-02
flags: 0
camera_matrix: !!opencv-matrix
   rows: 3
   cols: 3
   dt: d
   data: [ 6.1281161426183212e+02, 0., 2.9873568859930054e+02, 0.,
       6.1918966992285254e+02, 2.8779030721141652e+02, 0., 0., 1. ]
distortion_coefficients: !!opencv-matrix
   rows: 5
   cols: 1
   dt: d
   data: [ 1.2229709180689073e-01, 2.4010173426467347e-02,
       1.7489177150311525e-02, 2.5341869220518796e-03,
       -1.8227973245663944e+00 ]
avg_reprojection_error: 3.1610752425287086e-01
image_points: !!opencv-matrix
   rows: 10
   cols: 48
   dt: "2f"
   data: [ 3.06950592e+02, 2.49585739e+02, 3.08780762e+02,
       2.23820969e+02, 3.10933136e+02, 1.98699921e+02, 3.12748657e+02,
       1.73352005e+02, 3.15020355e+02, 1.47571594e+02, 3.16286011e+02,
       1.22309563e+02, 3.32544617e+02, 2.50911133e+02, 3.34505341e+02,
       2.25118301e+02, 3.36152863e+02, 1.99608322e+02, 3.38560547e+02,
       1.73817673e+02, 3.39869476e+02, 1.48515701e+02, 3.42503265e+02,
       1.22449432e+02, 3.58291077e+02, 2.52413559e+02, 3.59687134e+02,
       2.26330399e+02, 3.61972992e+02, 2.00677368e+02, 3.63897339e+02,
       1.75065674e+02, 3.66512543e+02, 1.48917099e+02, 3.67543121e+02,
       1.23522926e+02, 3.84367737e+02, 2.53762787e+02, 3.86523102e+02,
       2.27521988e+02, 3.87783844e+02, 2.01629471e+02, 3.91032776e+02,
       1.75526215e+02, 3.92232147e+02, 1.50020660e+02, 3.94136108e+02,
       1.23968765e+02, 4.10952057e+02, 2.55357162e+02, 4.12515930e+02,
       2.28814117e+02, 4.15132996e+02, 2.02700912e+02, 4.16443359e+02,
       1.76579010e+02, 4.19732666e+02, 1.50397888e+02, 4.20532776e+02,
       1.24876488e+02, 4.36932953e+02, 2.56993286e+02, 4.39436829e+02,
       2.30485489e+02, 4.41505646e+02, 2.03845810e+02, 4.45218445e+02,
       1.77324860e+02, 4.45429352e+02, 1.51336166e+02, 4.48307953e+02,
       1.25090034e+02, 4.63345856e+02, 2.59345795e+02, 4.66014343e+02,
       2.31877396e+02, 4.68481995e+02, 2.05125229e+02, 4.70627563e+02,
       1.78487732e+02, 4.73228851e+02, 1.52256653e+02, 4.73641205e+02,
       1.25817444e+02, 4.91857697e+02, 2.60563812e+02, 4.93479126e+02,
       2.33858246e+02, 4.96127014e+02, 2.06567673e+02, 4.99575226e+02,
       1.79667801e+02, 4.98678772e+02, 1.53149094e+02, 5.02054138e+02,
       1.26899063e+02, 4.73924835e+02, 1.35247055e+02, 4.73533173e+02,
       1.60703140e+02, 4.73135773e+02, 1.86759659e+02, 4.72721588e+02,
       2.13227310e+02, 4.72432739e+02, 2.40010635e+02, 4.72055817e+02,
       2.67393860e+02, 4.46590302e+02, 1.36034683e+02, 4.45764069e+02,
       1.61289139e+02, 4.45324829e+02, 1.87004410e+02, 4.44656616e+02,
       2.13052917e+02, 4.44120178e+02, 2.39562653e+02, 4.43588959e+02,
       2.66632629e+02, 4.19670135e+02, 1.36751114e+02, 4.18765503e+02,
       1.61742966e+02, 4.18011475e+02, 1.87292740e+02, 4.17232880e+02,
       2.13030197e+02, 4.16518250e+02, 2.39252151e+02, 4.15779297e+02,
       2.65736206e+02, 3.93461121e+02, 1.37625916e+02, 3.92343964e+02,
       1.62452072e+02, 3.91424683e+02, 1.87538406e+02, 3.90392609e+02,
       2.12897003e+02, 3.89530670e+02, 2.38763443e+02, 3.88593597e+02,
       2.65030487e+02, 3.67753540e+02, 1.38509857e+02, 3.66605713e+02,
       1.63144272e+02, 3.65508392e+02, 1.87743958e+02, 3.64316223e+02,
       2.12899704e+02, 3.63248871e+02, 2.38420151e+02, 3.62345673e+02,
       2.64447571e+02, 3.42723358e+02, 1.39337433e+02, 3.41457581e+02,
       1.63711761e+02, 3.40303131e+02, 1.88269272e+02, 3.39008087e+02,
       2.12937653e+02, 3.37738708e+02, 2.38194916e+02, 3.36479370e+02,
       2.63719940e+02, 3.18230164e+02, 1.40214233e+02, 3.16820221e+02,
       1.64270737e+02, 3.15497620e+02, 1.88459320e+02, 3.14159515e+02,
       2.12948273e+02, 3.12790344e+02, 2.37838715e+02, 3.11583160e+02,
       2.63358612e+02, 2.94352875e+02, 1.40994537e+02, 2.92951050e+02,
       1.64769577e+02, 2.91492126e+02, 1.88858337e+02, 2.89993042e+02,
       2.13323288e+02, 2.88446777e+02, 2.37708282e+02, 2.86805664e+02,
       2.62798950e+02, 4.72588593e+02, 1.35482529e+02, 4.71146484e+02,
       1.61631836e+02, 4.69655426e+02, 1.88350250e+02, 4.68250336e+02,
       2.15420471e+02, 4.66717773e+02, 2.42895828e+02, 4.65300446e+02,
       2.70826050e+02, 4.45023773e+02, 1.36308578e+02, 4.43239136e+02,
       1.62148727e+02, 4.41587738e+02, 1.88407700e+02, 4.39861694e+02,
       2.14870438e+02, 4.38242676e+02, 2.42025879e+02, 4.36601349e+02,
       2.69489807e+02, 4.18198669e+02, 1.37156052e+02, 4.16286835e+02,
       1.62589142e+02, 4.14408569e+02, 1.88457642e+02, 4.12490356e+02,
       2.14582993e+02, 4.10724976e+02, 2.41173264e+02, 4.09108734e+02,
       2.68068237e+02, 3.92113647e+02, 1.38016327e+02, 3.90070343e+02,
       1.63175995e+02, 3.88016968e+02, 1.88492767e+02, 3.86049042e+02,
       2.14265854e+02, 3.84238129e+02, 2.40240067e+02, 3.82383942e+02,
       2.66687653e+02, 3.66919067e+02, 1.38924026e+02, 3.64737915e+02,
       1.63727249e+02, 3.62690063e+02, 1.88595947e+02, 3.60589691e+02,
       2.13890198e+02, 3.58504059e+02, 2.39435013e+02, 3.56672729e+02,
       2.65533203e+02, 3.42528534e+02, 1.39847839e+02, 3.40303101e+02,
       1.64303543e+02, 3.38300262e+02, 1.88829483e+02, 3.36030884e+02,
       2.13679504e+02, 3.33889801e+02, 2.38824738e+02, 3.31689911e+02,
       2.64476807e+02, 3.18854553e+02, 1.40611145e+02, 3.16625275e+02,
       1.64607971e+02, 3.14383423e+02, 1.88892807e+02, 3.12040894e+02,
       2.13430252e+02, 3.09914886e+02, 2.38263397e+02, 3.07831390e+02,
       2.63576996e+02, 2.95880005e+02, 1.41534546e+02, 2.93655762e+02,
       1.65246780e+02, 2.91423889e+02, 1.89268143e+02, 2.89155731e+02,
       2.13416183e+02, 2.86650055e+02, 2.37626785e+02, 2.84162781e+02,
       2.62554291e+02, 2.61376709e+02, 2.78734741e+02, 2.61475464e+02,
       2.53387543e+02, 2.61544830e+02, 2.28759354e+02, 2.61609680e+02,
       2.04620651e+02, 2.61580475e+02, 1.80764038e+02, 2.61617279e+02,
       1.57609467e+02, 2.86786133e+02, 2.79836029e+02, 2.86680267e+02,
       2.54635788e+02, 2.86490814e+02, 2.30027283e+02, 2.86372314e+02,
       2.06220093e+02, 2.86148682e+02, 1.82698196e+02, 2.85793365e+02,
       1.59655136e+02, 3.11621613e+02, 2.80840790e+02, 3.11348969e+02,
       2.55950790e+02, 3.10744293e+02, 2.31680420e+02, 3.10380646e+02,
       2.08089050e+02, 3.09890259e+02, 1.84692917e+02, 3.09572296e+02,
       1.61840561e+02, 3.36297668e+02, 2.82027008e+02, 3.35389099e+02,
       2.57232117e+02, 3.34785950e+02, 2.33153961e+02, 3.34138794e+02,
       2.09619370e+02, 3.33408905e+02, 1.86600983e+02, 3.32784363e+02,
       1.63858536e+02, 3.60239319e+02, 2.83236176e+02, 3.59356903e+02,
       2.58525940e+02, 3.58339233e+02, 2.34678085e+02, 3.57432281e+02,
       2.11334076e+02, 3.56491760e+02, 1.88421860e+02, 3.55714661e+02,
       1.65949539e+02, 3.84073608e+02, 2.84468414e+02, 3.82717712e+02,
       2.60092072e+02, 3.81606262e+02, 2.36248886e+02, 3.80466827e+02,
       2.12990875e+02, 3.79403534e+02, 1.90265427e+02, 3.78428772e+02,
       1.67869690e+02, 4.07476135e+02, 2.85688690e+02, 4.06067627e+02,
       2.61504578e+02, 4.04610413e+02, 2.37706802e+02, 4.03328766e+02,
       2.14779480e+02, 4.02021637e+02, 1.92086487e+02, 4.00676422e+02,
       1.69945358e+02, 4.30678284e+02, 2.87048676e+02, 4.28960968e+02,
       2.62886169e+02, 4.27346771e+02, 2.39397339e+02, 4.25725159e+02,
       2.16417709e+02, 4.24280365e+02, 1.93899826e+02, 4.22760925e+02,
       1.71831345e+02, 2.64333099e+02, 2.68620789e+02, 2.65769806e+02,
       2.43244553e+02, 2.67273590e+02, 2.18238159e+02, 2.68687500e+02,
       1.93178329e+02, 2.69999512e+02, 1.68071304e+02, 2.71424347e+02,
       1.43057205e+02, 2.89511017e+02, 2.69837097e+02, 2.90856293e+02,
       2.44663635e+02, 2.92258240e+02, 2.19718597e+02, 2.93639740e+02,
       1.94747772e+02, 2.95030548e+02, 1.69920746e+02, 2.96294281e+02,
       1.45030304e+02, 3.14188080e+02, 2.71321716e+02, 3.15600037e+02,
